Run semi-empirical minimization
 &qmmm
    qm_theory='AM1', grms_tol=0.0002,
  tight_p_conv=1, scfconv=1.d-10,   qmcharge=0,
 /
  17    Cl       -1.8520       -4.1700       -0.4700 
   9     F        0.6250       -0.2560       -2.3270 
   9    F1       -0.8430        1.3560       -2.2090 
   9    F2        1.2810        1.7930       -1.9570 
   8     O       -0.0150        1.9860        0.3760 
   8    O1       -1.3190        3.6190        1.2220 
   7     N       -2.2210        1.5290        1.0160 
   6     C        3.7500       -0.7470        1.2910 
   6    C1        5.0240       -0.3270        0.6270 
   6    C2        4.5280       -1.7350        0.4800 
   6    C3        0.1840        0.6660       -0.2070 
   6    C4        2.5030       -0.2520        0.7670 
   6    C5       -0.9490       -0.2940        0.0770 
   6    C6        1.4630        0.1600        0.3300 
   6    C7       -2.1190        0.1810        0.6660 
   6    C8        0.3160        0.8970       -1.7190 
   6    C9       -0.8810       -1.6530       -0.2760 
   6   C10       -3.2030       -0.6710        0.9060 
   6   C11       -1.1970        2.4430        0.8810 
   6   C12       -1.9570       -2.5090       -0.0320 
   6   C13       -3.1180       -2.0170        0.5590 
   1     H        3.7840       -0.8710        2.3690 
   1    H1        5.8910       -0.1620        1.2550 
   1    H2        4.9800        0.3150       -0.2450 
   1    H3        4.1510       -2.0360       -0.4910 
   1    H4        5.0620       -2.5150        1.0100 
   1    H5        0.0180       -2.0480       -0.7440 
   1    H6       -3.0980        1.8500        1.4170 
   1    H7       -4.1140       -0.2950        1.3650 
   1    H8       -3.9650       -2.6700        0.7530 

