Run semi-empirical minimization
 &qmmm
    qm_theory='AM1', grms_tol=0.0002,
  tight_p_conv=1, scfconv=1.d-10,   qmcharge=0,
 /
   8     O       -0.8280        0.2490       -1.0420 
   7     N        6.4580        0.2660       -0.6550 
   7    N1        8.5150       -0.1620        1.3310 
   7    N2       -0.1070       -1.8330       -0.2330 
   7    N3       -4.9450       -1.8880       -0.2700 
   7    N4       -4.3750        0.3580        0.1040 
   7    N5       -6.6080       -0.2580       -0.5600 
   7    N6       -2.8520        4.8340        0.2990 
   6     C        6.1550        0.3240        0.7800 
   6    C1        7.8490        0.6630       -0.9020 
   6    C2        7.1230       -0.5580        1.5770 
   6    C3        8.8180       -0.2170       -0.1050 
   6    C4        5.5350        1.1080       -1.4150 
   6    C5        9.4360       -1.0050        2.0890 
   6    C6        4.1040        0.6760       -1.2350 
   6    C7        3.7830       -0.6720       -1.3050 
   6    C8        3.1260        1.6330       -1.0020 
   6    C9        2.4570       -1.0710       -1.1390 
   6   C10        1.8000        1.2340       -0.8360 
   6   C11        1.4650       -0.1180       -0.9050 
   6   C12        0.0830       -0.5350       -0.7300 
   6   C13       -1.3240       -2.5130        0.0150 
   6   C14       -3.7210       -2.5410       -0.0030 
   6   C15       -2.5230       -1.8710       -0.2460 
   6   C16       -3.7030       -3.8430        0.4980 
   6   C17       -1.2880       -3.8040        0.5120 
   6   C18       -2.4870       -4.4740        0.7560 
   6   C19       -4.9720       -4.5840        0.7690 
   6   C20       -5.3270       -0.5340       -0.2410 
   6   C21       -4.7750        1.6460        0.1230 
   6   C22       -3.7560        2.5990        0.4910 
   6   C23       -6.0570        2.0550       -0.1840 
   6   C24       -6.9400        1.0500       -0.5210 
   6   C25       -2.7240        2.2490        1.3560 
   6   C26       -3.7740        3.8930       -0.0050 
   6   C27       -1.7570        3.1890        1.6920 
   6   C28       -1.8650        4.4560        1.1420 
   1     H        6.2160        1.3570        1.1490 
   1    H1        5.1470       -0.0370        1.0060 
   1    H2        8.0830        0.5540       -1.9680 
   1    H3        8.0090        1.7180       -0.6390 
   1    H4        6.8910       -0.4480        2.6430 
   1    H5        6.9630       -1.6120        1.3140 
   1    H6        8.7670       -1.2500       -0.4760 
   1    H7        9.8380        0.1430       -0.2830 
   1    H8        5.6550        2.1620       -1.1290 
   1    H9        5.7620        1.0410       -2.4870 
   1   H10       10.4710       -0.6770        1.9370 
   1   H11        9.3640       -2.0610        1.8020 
   1   H12        9.2360       -0.9250        3.1630 
   1   H13        4.5360       -1.4280       -1.5090 
   1   H14        3.3740        2.6890       -0.9460 
   1   H15        2.2390       -2.1300       -1.2430 
   1   H16        1.0440        1.9920       -0.6480 
   1   H17        0.7150       -2.3710        0.0290 
   1   H18       -2.5690       -0.8970       -0.6990 
   1   H19       -0.3460       -4.3050        0.7160 
   1   H20       -2.4540       -5.4880        1.1450 
   1   H21       -5.7330       -2.5040       -0.4360 
   1   H22       -5.6190       -4.0110        1.4420 
   1   H23       -4.7840       -5.5490        1.2520 
   1   H24       -5.5050       -4.7850       -0.1660 
   1   H25       -6.3940        3.0830       -0.1520 
   1   H26       -7.9710        1.2730       -0.7720 
   1   H27       -2.6520        1.2550        1.7890 
   1   H28       -4.5280        4.2450       -0.7030 
   1   H29       -0.9440        2.9390        2.3650 
   1   H30       -1.1360        5.2260        1.3730 

