Run semi-empirical minimization
 &qmmm
    qm_theory='AM1', grms_tol=0.0002,
  tight_p_conv=1, scfconv=1.d-10,   qmcharge=0,
 /
  17    CL       -4.6850      -32.7250       25.2220 
   9    F1       -0.7550      -36.6320       25.6970 
   9    F2        1.0780      -37.0430       24.6720 
   9    F3       -0.7840      -37.1770       23.6260 
   8    O1        1.5240      -34.9340       20.9100 
   8    O2        0.9890      -34.8800       23.0580 
   7     N       -0.6810      -34.9710       21.4340 
   6    C1       -1.6620      -34.4140       22.3130 
   6    C2       -2.9150      -33.9470       21.8430 
   6    C3       -3.8380      -33.4230       22.7710 
   6    C4       -3.5330      -33.3730       24.1190 
   6    C5       -2.3100      -33.8290       24.5930 
   6    C6       -1.3860      -34.3780       23.6810 
   6    C7       -0.0020      -34.9570       24.1440 
   6    C8        0.5520      -34.2360       25.3150 
   6    C9        0.9850      -33.6570       26.2410 
   6   C10        1.6050      -32.8020       27.5860 
   6   C11        2.8080      -33.0830       27.6390 
   6   C12        2.4040      -31.9800       27.1230 
   6   C13       -0.1210      -36.4720       24.5390 
   6   C14        0.6650      -34.9320       21.7250 
   1  H122        2.4720      -31.7980       26.0400 
   1  H121        2.5850      -31.0170       27.6230 
   1  H112        3.3480      -33.1000       28.5970 
   1  H111        3.2350      -33.8820       27.0150 
   1  H101        0.7840      -32.7610       28.3170 
   1    HN       -0.9810      -35.4020       20.5830 
   1    H5       -2.0660      -33.7630       25.6640 
   1    H3       -4.8110      -33.0500       22.4190 
   1    H2       -3.1630      -33.9930       20.7720 

